n-power=
-2
dm_mass=
1000
stepsize =
2e-27
fisher matrix =
[[256408272950.26617, -29776549071.214054, -7416738501.042623, 8.808098368045568e+17, 3427279208.487855, -4227798342.5772457, -5.668381271519205e+32], [-29776549071.214054, 8336898420.748733, 1027968923.2754356, 4034985913370444.0, 102969108.58384988, 419151935.7656708, -3.736519174705364e+32], [-7416738501.042623, 1027968923.2754356, 357859754.7130781, -3.211606473277805e+16, -128378167.88137218, 116687391.17309257, 4.958334196641495e+31], [8.808098368045568e+17, 4034985913370439.0, -3.2116064732778052e+16, 7.747932644628576e+24, 2.952788056410754e+16, -2.2729099884760372e+16, -1.642292940995324e+40], [3427279208.487855, 102969108.58384992, -128378167.88137218, 2.952788056410754e+16, 122740774.59007269, -77724389.43780631, -7.328903524962945e+31], [-4227798342.5772457, 419151935.7656708, 116687391.17309257, -2.2729099884760372e+16, -77724389.43780631, 100287277.35765791, 2.06236588567482e+31], [-5.668381271519205e+32, -3.736519174705364e+32, 4.958334196641494e+31, -1.642292940995324e+40, -7.328903524962945e+31, 2.06236588567482e+31, 6.072664569264079e+55]]
sigma_dmeff
from cov matrix =
9.928443736600082e-28
2-sigma =
2.4622540466768202e-27
2-sigma zack's method =
