n-power=
-2
dm_mass=
100
stepsize =
5e-28
fisher matrix =
[[256408272950.26617, -29776549071.214054, -7416738501.042623, 8.808098368045568e+17, 3427279208.487855, -4227798342.5772457, -5.662187928153962e+33], [-29776549071.214054, 8336898420.748733, 1027968923.2754356, 4034985913370444.0, 102969108.58384988, 419151935.7656708, -3.721223383666284e+33], [-7416738501.042623, 1027968923.2754356, 357859754.7130781, -3.211606473277805e+16, -128378167.88137218, 116687391.17309257, 4.94484254464847e+32], [8.808098368045568e+17, 4034985913370439.0, -3.2116064732778052e+16, 7.747932644628576e+24, 2.952788056410754e+16, -2.2729099884760372e+16, -1.6377235807967787e+41], [3427279208.487855, 102969108.58384992, -128378167.88137218, 2.952788056410754e+16, 122740774.59007269, -77724389.43780631, -7.30576996539172e+32], [-4227798342.5772457, 419151935.7656708, 116687391.17309257, -2.2729099884760372e+16, -77724389.43780631, 100287277.35765791, 2.061043038692613e+32], [-5.662187928153962e+33, -3.721223383666284e+33, 4.944842544648469e+32, -1.6377235807967788e+41, -7.30576996539172e+32, 2.061043038692613e+32, 6.029960070282477e+57]]
sigma_dmeff
from cov matrix =
9.989971819706239e-29
2-sigma =
2.4775130112871475e-28
2-sigma zack's method =
