n-power=
-2
dm_mass=
10
stepsize =
8e-28
fisher matrix =
[[256408272950.26617, -29776549071.214054, -7416738501.042623, 8.808098368045568e+17, 3427279208.487855, -4227798342.5772457, -5.741082959887286e+34], [-29776549071.214054, 8336898420.748733, 1027968923.2754356, 4034985913370444.0, 102969108.58384988, 419151935.7656708, -3.352141134969614e+34], [-7416738501.042623, 1027968923.2754356, 357859754.7130781, -3.211606473277805e+16, -128378167.88137218, 116687391.17309257, 4.66943687200329e+33], [8.808098368045568e+17, 4034985913370439.0, -3.2116064732778052e+16, 7.747932644628576e+24, 2.952788056410754e+16, -2.2729099884760372e+16, -1.5277190386037624e+42], [3427279208.487855, 102969108.58384992, -128378167.88137218, 2.952788056410754e+16, 122740774.59007269, -77724389.43780631, -6.779103245474294e+33], [-4227798342.5772457, 419151935.7656708, 116687391.17309257, -2.2729099884760372e+16, -77724389.43780631, 100287277.35765791, 2.013414697652604e+33], [-5.741082959887286e+34, -3.352141134969614e+34, 4.66943687200329e+33, -1.5277190386037624e+42, -6.779103245474297e+33, 2.013414697652604e+33, 5.0798706232454675e+59]]
sigma_dmeff
from cov matrix =
1.1702281059875777e-29
2-sigma =
2.902165702849193e-29
2-sigma zack's method =
