n-power=
-2
dm_mass=
1
stepsize =
6e-30
fisher matrix =
[[256408272950.26617, -29776549071.214054, -7416738501.042623, 8.808098368045568e+17, 3427279208.487855, -4227798342.5772457, -5.64245900464989e+35], [-29776549071.214054, 8336898420.748733, 1027968923.2754356, 4034985913370444.0, 102969108.58384988, 419151935.7656708, -3.715778788419338e+35], [-7416738501.042623, 1027968923.2754356, 357859754.7130781, -3.211606473277805e+16, -128378167.88137218, 116687391.17309257, 4.933853801102336e+34], [8.808098368045568e+17, 4034985913370439.0, -3.2116064732778052e+16, 7.747932644628576e+24, 2.952788056410754e+16, -2.2729099884760372e+16, -1.6344050709759661e+43], [3427279208.487855, 102969108.58384992, -128378167.88137218, 2.952788056410754e+16, 122740774.59007269, -77724389.43780631, -7.291393250901974e+34], [-4227798342.5772457, 419151935.7656708, 116687391.17309257, -2.2729099884760372e+16, -77724389.43780631, 100287277.35765791, 2.0552149671037092e+34], [-5.64245900464989e+35, -3.715778788419338e+35, 4.933853801102336e+34, -1.6344050709759661e+43, -7.291393250901974e+34, 2.0552149671037092e+34, 6.008154650698572e+61]]
sigma_dmeff
from cov matrix =
1.0016398974107773e-30
2-sigma =
2.484066945578728e-30
2-sigma zack's method =
