n-power=
2
dm_mass=
0.1
stepsize =
7e-23
fisher matrix =
[[256408272950.26617, -29776549071.214054, -7416738501.042623, 8.808098368045568e+17, 3427279208.487855, -4227798342.5772457, 4.918465519271851e+28], [-29776549071.214054, 8336898420.748733, 1027968923.2754356, 4034985913370444.0, 102969108.58384988, 419151935.7656708, -6.172698826595873e+28], [-7416738501.042623, 1027968923.2754356, 357859754.7130781, -3.211606473277805e+16, -128378167.88137218, 116687391.17309257, 3.3840932061864193e+27], [8.808098368045568e+17, 4034985913370439.0, -3.2116064732778052e+16, 7.747932644628576e+24, 2.952788056410754e+16, -2.2729099884760372e+16, -1.5486588662037762e+36], [3427279208.487855, 102969108.58384992, -128378167.88137218, 2.952788056410754e+16, 122740774.59007269, -77724389.43780631, -7.762170912806363e+27], [-4227798342.5772457, 419151935.7656708, 116687391.17309257, -2.2729099884760372e+16, -77724389.43780631, 100287277.35765791, -4.563615278426299e+25], [4.918465519271851e+28, -6.172698826595873e+28, 3.3840932061864193e+27, -1.5486588662037762e+36, -7.762170912806363e+27, -4.563615278426299e+25, 1.1637001532684463e+48]]
sigma_dmeff
from cov matrix =
2.840219597379747e-24
2-sigma =
7.043744601501772e-24
2-sigma zack's method =
