n-power=
2
dm_mass=
1000
stepsize =
1e-18
fisher matrix =
[[256408272950.26617, -29776549071.214054, -7416738501.042623, 8.808098368045568e+17, 3427279208.487855, -4227798342.5772457, 4.817502443422607e+24], [-29776549071.214054, 8336898420.748733, 1027968923.2754356, 4034985913370444.0, 102969108.58384988, 419151935.7656708, -6.039831089793436e+24], [-7416738501.042623, 1027968923.2754356, 357859754.7130781, -3.211606473277805e+16, -128378167.88137218, 116687391.17309257, 3.3085535741110934e+23], [8.808098368045568e+17, 4034985913370439.0, -3.2116064732778052e+16, 7.747932644628576e+24, 2.952788056410754e+16, -2.2729099884760372e+16, -1.5150007673312934e+32], [3427279208.487855, 102969108.58384992, -128378167.88137218, 2.952788056410754e+16, 122740774.59007269, -77724389.43780631, -7.592025292696092e+23], [-4227798342.5772457, 419151935.7656708, 116687391.17309257, -2.2729099884760372e+16, -77724389.43780631, 100287277.35765791, -4.561294727796041e+21], [4.817502443422607e+24, -6.039831089793436e+24, 3.3085535741110934e+23, -1.5150007673312934e+32, -7.592025292696092e+23, -4.561294727796041e+21, 1.1122034637976306e+40]]
sigma_dmeff
from cov matrix =
2.9183681877604963e-20
2-sigma =
7.23755310564603e-20
2-sigma zack's method =
4.540424263599011e-20