n-power=
2
dm_mass=
100
stepsize =
1e-19
fisher matrix =
[[256408272950.26617, -29776549071.214054, -7416738501.042623, 8.808098368045568e+17, 3427279208.487855, -4227798342.5772457, 4.814435332476085e+25], [-29776549071.214054, 8336898420.748733, 1027968923.2754356, 4034985913370444.0, 102969108.58384988, 419151935.7656708, -6.0395412640297695e+25], [-7416738501.042623, 1027968923.2754356, 357859754.7130781, -3.211606473277805e+16, -128378167.88137218, 116687391.17309257, 3.309278362305837e+24], [8.808098368045568e+17, 4034985913370439.0, -3.2116064732778052e+16, 7.747932644628576e+24, 2.952788056410754e+16, -2.2729099884760372e+16, -1.515073268623647e+33], [3427279208.487855, 102969108.58384992, -128378167.88137218, 2.952788056410754e+16, 122740774.59007269, -77724389.43780631, -7.592326093926349e+24], [-4227798342.5772457, 419151935.7656708, 116687391.17309257, -2.2729099884760372e+16, -77724389.43780631, 100287277.35765791, -4.52577525947101e+22], [4.814435332476085e+25, -6.0395412640297695e+25, 3.309278362305837e+24, -1.515073268623647e+33, -7.592326093926349e+24, -4.52577525947101e+22, 1.112190406097301e+42]]
sigma_dmeff
from cov matrix =
2.9182254915759587e-21
2-sigma =
7.237199219108377e-21
2-sigma zack's method =
4.54200949379536e-21