n-power=
2
dm_mass=
10
stepsize =
6e-20
fisher matrix =
[[256408272950.26617, -29776549071.214054, -7416738501.042623, 8.808098368045568e+17, 3427279208.487855, -4227798342.5772457, 3.756710573591917e+26], [-29776549071.214054, 8336898420.748733, 1027968923.2754356, 4034985913370444.0, 102969108.58384988, 419151935.7656708, -4.826339492530211e+26], [-7416738501.042623, 1027968923.2754356, 357859754.7130781, -3.211606473277805e+16, -128378167.88137218, 116687391.17309257, 2.6659890875945212e+25], [8.808098368045568e+17, 4034985913370439.0, -3.2116064732778052e+16, 7.747932644628576e+24, 2.952788056410754e+16, -2.2729099884760372e+16, -1.216428692965558e+34], [3427279208.487855, 102969108.58384992, -128378167.88137218, 2.952788056410754e+16, 122740774.59007269, -77724389.43780631, -6.079535038092587e+25], [-4227798342.5772457, 419151935.7656708, 116687391.17309257, -2.2729099884760372e+16, -77724389.43780631, 100287277.35765791, -2.0951272136755908e+23], [3.756710573591917e+26, -4.826339492530211e+26, 2.6659890875945212e+25, -1.216428692965558e+34, -6.079535038092587e+25, -2.0951272136755908e+23, 7.023751974273558e+43]]
sigma_dmeff
from cov matrix =
3.835366983214634e-22
2-sigma =
9.511710118372293e-22
2-sigma zack's method =
