n-power=
2
dm_mass=
1
stepsize =
1e-21
fisher matrix =
[[256408272950.26617, -29776549071.214054, -7416738501.042623, 8.808098368045568e+17, 3427279208.487855, -4227798342.5772457, 4.825597572820826e+27], [-29776549071.214054, 8336898420.748733, 1027968923.2754356, 4034985913370444.0, 102969108.58384988, 419151935.7656708, -6.039437488598226e+27], [-7416738501.042623, 1027968923.2754356, 357859754.7130781, -3.211606473277805e+16, -128378167.88137218, 116687391.17309257, 3.305174748424664e+26], [8.808098368045568e+17, 4034985913370439.0, -3.2116064732778052e+16, 7.747932644628576e+24, 2.952788056410754e+16, -2.2729099884760372e+16, -1.5142494176013564e+35], [3427279208.487855, 102969108.58384992, -128378167.88137218, 2.952788056410754e+16, 122740774.59007269, -77724389.43780631, -7.588633755397564e+26], [-4227798342.5772457, 419151935.7656708, 116687391.17309257, -2.2729099884760372e+16, -77724389.43780631, 100287277.35765791, -4.745829889897945e+24], [4.8255975728208266e+27, -6.039437488598226e+27, 3.305174748424664e+26, -1.5142494176013564e+35, -7.588633755397564e+26, -4.745829889897944e+24, 1.1117336587674669e+46]]
sigma_dmeff
from cov matrix =
2.918109050194359e-23
2-sigma =
7.236910444482011e-23
2-sigma zack's method =
