n-power=
2
dm_mass=
0.0001
stepsize =
5e-25
fisher matrix =
[[284215060.8983413, -61094387.84016007, -18903177.1194926, 665109036027635.8, 2924212.1504202657, -3007346.334278475, 2.1672808570517446e+27], [-61094387.84016007, 33624612.86144787, 7558534.359166397, -1284417718591223.8, -1298655.5783345166, 5676736.9997878205, -1.2236457521923267e+27], [-18903177.1194926, 7558534.359166397, 1960802.904867942, -178384855359572.53, -308658.48982486594, 782924.6050764164, -2.3346486654032713e+26], [665109036027635.5, -1284417718591223.5, -178384855359572.5, 1.7644174894876208e+23, 181959839134226.9, -774411176370950.0, 1.5403179974302713e+35], [2924212.1504202657, -1298655.5783345166, -308658.489824866, 181959839134226.88, 404726.2265961257, -808522.3008140078, 2.518119037597196e+26], [-3007346.334278476, 5676736.999787821, 782924.6050764164, -774411176370950.0, -808522.3008140078, 3468677.604188564, -6.796513658715964e+26], [2.1672808570517443e+27, -1.2236457521923267e+27, -2.3346486654032713e+26, 1.5403179974302713e+35, 2.518119037597196e+26, -6.796513658715964e+26, 1.9446313551301027e+47]]
sigma_dmeff
from cov matrix =
8.110119278187751e-24
2-sigma =
1.260869114292504e-23