n-power=
2
dm_mass=
0.001
stepsize =
2e-24
fisher matrix =
[[284215060.8983413, -61094387.84016007, -18903177.1194926, 665109036027635.8, 2924212.1504202657, -3007346.334278475, 3.344501810119212e+26], [-61094387.84016007, 33624612.86144787, 7558534.359166397, -1284417718591223.8, -1298655.5783345166, 5676736.9997878205, -2.1419663891190764e+26], [-18903177.1194926, 7558534.359166397, 1960802.904867942, -178384855359572.53, -308658.48982486594, 782924.6050764164, -4.09638897224271e+25], [665109036027635.5, -1284417718591223.5, -178384855359572.5, 1.7644174894876208e+23, 181959839134226.9, -774411176370950.0, 2.39135077816398e+34], [2924212.1504202657, -1298655.5783345166, -308658.489824866, 181959839134226.88, 404726.2265961257, -808522.3008140078, 3.685429606845497e+25], [-3007346.334278476, 5676736.999787821, 782924.6050764164, -774411176370950.0, -808522.3008140078, 3468677.604188564, -1.055350457189833e+26], [3.344501810119212e+26, -2.1419663891190767e+26, -4.09638897224271e+25, 2.39135077816398e+34, 3.6854296068454976e+25, -1.055350457189833e+26, 4.3020033045608864e+45]]
sigma_dmeff
from cov matrix =
6.260707937625464e-23
2-sigma =
9.742673161488826e-23