n-power=
2
dm_mass=
0.01
stepsize =
2e-23
fisher matrix =
[[284215060.8983413, -61094387.84016007, -18903177.1194926, 665109036027635.8, 2924212.1504202657, -3007346.334278475, 4.037327910658105e+25], [-61094387.84016007, 33624612.86144787, 7558534.359166397, -1284417718591223.8, -1298655.5783345166, 5676736.9997878205, -2.684485496184042e+25], [-18903177.1194926, 7558534.359166397, 1960802.904867942, -178384855359572.53, -308658.48982486594, 782924.6050764164, -5.132129520735703e+24], [665109036027635.5, -1284417718591223.5, -178384855359572.5, 1.7644174894876208e+23, 181959839134226.9, -774411176370950.0, 2.8987075835713423e+33], [2924212.1504202657, -1298655.5783345166, -308658.489824866, 181959839134226.88, 404726.2265961257, -808522.3008140078, 4.3821773252550244e+24], [-3007346.334278476, 5676736.999787821, 782924.6050764164, -774411176370950.0, -808522.3008140078, 3468677.604188564, -1.2793527290486433e+25], [4.037327910658104e+25, -2.684485496184042e+25, -5.132129520735703e+24, 2.8987075835713423e+33, 4.3821773252550244e+24, -1.2793527290486438e+25, 6.19397205336e+43]]
sigma_dmeff
from cov matrix =
5.447537584466727e-22
2-sigma =
8.474029207842399e-22