n-power=
2
dm_mass=
0.1
stepsize =
7e-23
fisher matrix =
[[284215060.8983413, -61094387.84016007, -18903177.1194926, 665109036027635.8, 2924212.1504202657, -3007346.334278475, 4.268253975472586e+24], [-61094387.84016007, 33624612.86144787, 7558534.359166397, -1284417718591223.8, -1298655.5783345166, 5676736.9997878205, -2.825625052037304e+24], [-18903177.1194926, 7558534.359166397, 1960802.904867942, -178384855359572.53, -308658.48982486594, 782924.6050764164, -5.4134326254901375e+23], [665109036027635.5, -1284417718591223.5, -178384855359572.5, 1.7644174894876208e+23, 181959839134226.9, -774411176370950.0, 3.04086570737685e+32], [2924212.1504202657, -1298655.5783345166, -308658.489824866, 181959839134226.88, 404726.2265961257, -808522.3008140078, 4.574251663958941e+23], [-3007346.334278476, 5676736.999787821, 782924.6050764164, -774411176370950.0, -808522.3008140078, 3468677.604188564, -1.342109906127945e+24], [4.268253975472586e+24, -2.825625052037304e+24, -5.4134326254901375e+23, 3.0408657073768505e+32, 4.57425166395894e+23, -1.342109906127945e+24, 6.760878814928099e+41]]
sigma_dmeff
from cov matrix =
5.347390657227347e-21
2-sigma =
8.310907154299887e-21