n-power=
2
dm_mass=
1000
stepsize =
1e-18
fisher matrix =
[[284215060.8983413, -61094387.84016007, -18903177.1194926, 665109036027635.8, 2924212.1504202657, -3007346.334278475, 4.3689940483620366e+20], [-61094387.84016007, 33624612.86144787, 7558534.359166397, -1284417718591223.8, -1298655.5783345166, 5676736.9997878205, -2.8735638504011832e+20], [-18903177.1194926, 7558534.359166397, 1960802.904867942, -178384855359572.53, -308658.48982486594, 782924.6050764164, -5.5102792682772324e+19], [665109036027635.5, -1284417718591223.5, -178384855359572.5, 1.7644174894876208e+23, 181959839134226.9, -774411176370950.0, 3.10155628757215e+28], [2924212.1504202657, -1298655.5783345166, -308658.489824866, 181959839134226.88, 404726.2265961257, -808522.3008140078, 4.690003350026438e+19], [-3007346.334278476, 5676736.999787821, 782924.6050764164, -774411176370950.0, -808522.3008140078, 3468677.604188564, -1.3688069427573257e+20], [4.368994048362036e+20, -2.8735638504011835e+20, -5.5102792682772324e+19, 3.10155628757215e+28, 4.6900033500264374e+19, -1.368806942757326e+20, 7.075684563228945e+33]]
sigma_dmeff
from cov matrix =
5.1839377627267875e-17
2-sigma =
8.065923175494676e-17