n-power=
2
dm_mass=
100
stepsize =
1e-19
fisher matrix =
[[284215060.8983413, -61094387.84016007, -18903177.1194926, 665109036027635.8, 2924212.1504202657, -3007346.334278475, 4.370383684432765e+21], [-61094387.84016007, 33624612.86144787, 7558534.359166397, -1284417718591223.8, -1298655.5783345166, 5676736.9997878205, -2.8718542444912087e+21], [-18903177.1194926, 7558534.359166397, 1960802.904867942, -178384855359572.53, -308658.48982486594, 782924.6050764164, -5.5089988294641025e+20], [665109036027635.5, -1284417718591223.5, -178384855359572.5, 1.7644174894876208e+23, 181959839134226.9, -774411176370950.0, 3.0982379233088166e+29], [2924212.1504202657, -1298655.5783345166, -308658.489824866, 181959839134226.88, 404726.2265961257, -808522.3008140078, 4.685512288931476e+20], [-3007346.334278476, 5676736.999787821, 782924.6050764164, -774411176370950.0, -808522.3008140078, 3468677.604188564, -1.3673466126033845e+21], [4.370383684432765e+21, -2.8718542444912087e+21, -5.508998829464102e+20, 3.0982379233088166e+29, 4.685512288931476e+20, -1.3673466126033845e+21, 7.062219003670149e+35]]
sigma_dmeff
from cov matrix =
5.186566403601573e-18
2-sigma =
8.06712708012596e-18