n-power=
2
dm_mass=
10
stepsize =
6e-20
fisher matrix =
[[284215060.8983413, -61094387.84016007, -18903177.1194926, 665109036027635.8, 2924212.1504202657, -3007346.334278475, 3.946299566000576e+22], [-61094387.84016007, 33624612.86144787, 7558534.359166397, -1284417718591223.8, -1298655.5783345166, 5676736.9997878205, -2.675047138048412e+22], [-18903177.1194926, 7558534.359166397, 1960802.904867942, -178384855359572.53, -308658.48982486594, 782924.6050764164, -5.114429868797604e+21], [665109036027635.5, -1284417718591223.5, -178384855359572.5, 1.7644174894876208e+23, 181959839134226.9, -774411176370950.0, 2.841376925141336e+30], [2924212.1504202657, -1298655.5783345166, -308658.489824866, 181959839134226.88, 404726.2265961257, -808522.3008140078, 4.254698073471492e+21], [-3007346.334278476, 5676736.999787821, 782924.6050764164, -774411176370950.0, -808522.3008140078, 3468677.604188564, -1.2540716608373872e+22], [3.946299566000576e+22, -2.675047138048412e+22, -5.114429868797604e+21, 2.841376925141337e+30, 4.254698073471492e+21, -1.2540716608373872e+22, 5.90824741459055e+37]]
sigma_dmeff
from cov matrix =
5.617273228037886e-19
2-sigma =
8.739413738404005e-19