n-power=
2
dm_mass=
1e-05
stepsize =
2e-26
fisher matrix =
[[284215060.8983413, -61094387.84016007, -18903177.1194926, 665109036027635.8, 2924212.1504202657, -3007346.334278475, 1.3659488433067152e+28], [-61094387.84016007, 33624612.86144787, 7558534.359166397, -1284417718591223.8, -1298655.5783345166, 5676736.9997878205, -7.42828889304219e+27], [-18903177.1194926, 7558534.359166397, 1960802.904867942, -178384855359572.53, -308658.48982486594, 782924.6050764164, -1.361041213233792e+27], [665109036027635.5, -1284417718591223.5, -178384855359572.5, 1.7644174894876208e+23, 181959839134226.9, -774411176370950.0, 1.0287506752916683e+36], [2924212.1504202657, -1298655.5783345166, -308658.489824866, 181959839134226.88, 404726.2265961257, -808522.3008140078, 1.7514224385656208e+27], [-3007346.334278476, 5676736.999787821, 782924.6050764164, -774411176370950.0, -808522.3008140078, 3468677.604188564, -4.551844352102709e+27], [1.3659488433067152e+28, -7.428288893042189e+27, -1.361041213233792e+27, 1.0287506752916684e+36, 1.7514224385656208e+27, -4.551844352102709e+27, 1.0091806887792188e+49]]
sigma_dmeff
from cov matrix =
8.325326905523424e-25
2-sigma =
1.2936180675327747e-24