n-power=
2
dm_mass=
1
stepsize =
1e-21
fisher matrix =
[[284215060.8983413, -61094387.84016007, -18903177.1194926, 665109036027635.8, 2924212.1504202657, -3007346.334278475, 4.36117780793848e+23], [-61094387.84016007, 33624612.86144787, 7558534.359166397, -1284417718591223.8, -1298655.5783345166, 5676736.9997878205, -2.8648500613031693e+23], [-18903177.1194926, 7558534.359166397, 1960802.904867942, -178384855359572.53, -308658.48982486594, 782924.6050764164, -5.496898221464532e+22], [665109036027635.5, -1284417718591223.5, -178384855359572.5, 1.7644174894876208e+23, 181959839134226.9, -774411176370950.0, 3.0885604692703425e+31], [2924212.1504202657, -1298655.5783345166, -308658.489824866, 181959839134226.88, 404726.2265961257, -808522.3008140078, 4.669702748393332e+22], [-3007346.334278476, 5676736.999787821, 782924.6050764164, -774411176370950.0, -808522.3008140078, 3468677.604188564, -1.363086220800681e+23], [4.36117780793848e+23, -2.8648500613031693e+23, -5.496898221464531e+22, 3.0885604692703425e+31, 4.669702748393332e+22, -1.363086220800681e+23, 7.016133545507529e+39]]
sigma_dmeff
from cov matrix =
5.210301056826912e-20
2-sigma =
8.104214632630197e-20