n-power=
4
dm_mass=
0.0001
stepsize =
3e-22
fisher matrix =
[[284215060.8983413, -61094387.84016007, -18903177.1194926, 665109036027635.8, 2924212.1504202657, -3007346.334278475, 1.8388502531898423e+24], [-61094387.84016007, 33624612.86144787, 7558534.359166397, -1284417718591223.8, -1298655.5783345166, 5676736.9997878205, -8.570889409799509e+23], [-18903177.1194926, 7558534.359166397, 1960802.904867942, -178384855359572.53, -308658.48982486594, 782924.6050764164, -1.628335590141307e+23], [665109036027635.5, -1284417718591223.5, -178384855359572.5, 1.7644174894876208e+23, 181959839134226.9, -774411176370950.0, 1.2630239947686263e+32], [2924212.1504202657, -1298655.5783345166, -308658.489824866, 181959839134226.88, 404726.2265961257, -808522.3008140078, 2.2196759002190124e+23], [-3007346.334278476, 5676736.999787821, 782924.6050764164, -774411176370950.0, -808522.3008140078, 3468677.604188564, -5.575399598842153e+23], [1.838850253189842e+24, -8.570889409799506e+23, -1.628335590141307e+23, 1.2630239947686263e+32, 2.2196759002190127e+23, -5.575399598842153e+23, 1.5724190466704853e+41]]
sigma_dmeff
from cov matrix =
6.9410518826055e-21
2-sigma =
1.0800677438125855e-20