n-power=
4
dm_mass=
0.001
stepsize =
4e-21
fisher matrix =
[[284215060.8983413, -61094387.84016007, -18903177.1194926, 665109036027635.8, 2924212.1504202657, -3007346.334278475, 9.231463566969146e+22], [-61094387.84016007, 33624612.86144787, 7558534.359166397, -1284417718591223.8, -1298655.5783345166, 5676736.9997878205, -4.608109128975352e+22], [-18903177.1194926, 7558534.359166397, 1960802.904867942, -178384855359572.53, -308658.48982486594, 782924.6050764164, -8.801125719284283e+21], [665109036027635.5, -1284417718591223.5, -178384855359572.5, 1.7644174894876208e+23, 181959839134226.9, -774411176370950.0, 6.431138927557787e+30], [2924212.1504202657, -1298655.5783345166, -308658.489824866, 181959839134226.88, 404726.2265961257, -808522.3008140078, 1.0987642113745064e+22], [-3007346.334278476, 5676736.999787821, 782924.6050764164, -774411176370950.0, -808522.3008140078, 3468677.604188564, -2.8370973567170954e+22], [9.231463566969147e+22, -4.608109128975352e+22, -8.801125719284283e+21, 6.431138927557787e+30, 1.0987642113745066e+22, -2.837097356717095e+22, 3.7211137085479705e+38]]
sigma_dmeff
from cov matrix =
1.6351647540492108e-19
2-sigma =
2.5435193186084264e-19