n-power=
4
dm_mass=
0.01
stepsize =
1e-19
fisher matrix =
[[284215060.8983413, -61094387.84016007, -18903177.1194926, 665109036027635.8, 2924212.1504202657, -3007346.334278475, 8.216963357762373e+21], [-61094387.84016007, 33624612.86144787, 7558534.359166397, -1284417718591223.8, -1298655.5783345166, 5676736.9997878205, -4.2630990525662704e+21], [-18903177.1194926, 7558534.359166397, 1960802.904867942, -178384855359572.53, -308658.48982486594, 782924.6050764164, -8.137861074264135e+20], [665109036027635.5, -1284417718591223.5, -178384855359572.5, 1.7644174894876208e+23, 181959839134226.9, -774411176370950.0, 5.823803211145778e+29], [2924212.1504202657, -1298655.5783345166, -308658.489824866, 181959839134226.88, 404726.2265961257, -808522.3008140078, 9.852817954383659e+20], [-3007346.334278476, 5676736.999787821, 782924.6050764164, -774411176370950.0, -808522.3008140078, 3468677.604188564, -2.568791858172213e+21], [8.216963357762372e+21, -4.2630990525662704e+21, -8.137861074264135e+20, 5.823803211145779e+29, 9.85281795438366e+20, -2.568791858172214e+21, 2.9665899649656387e+36]]
sigma_dmeff
from cov matrix =
1.909709122435068e-18
2-sigma =
2.9719157660541294e-18