n-power=
4
dm_mass=
0.1
stepsize =
7e-19
fisher matrix =
[[284215060.8983413, -61094387.84016007, -18903177.1194926, 665109036027635.8, 2924212.1504202657, -3007346.334278475, 8.810524342142308e+20], [-61094387.84016007, 33624612.86144787, 7558534.359166397, -1284417718591223.8, -1298655.5783345166, 5676736.9997878205, -4.537007889570115e+20], [-18903177.1194926, 7558534.359166397, 1960802.904867942, -178384855359572.53, -308658.48982486594, 782924.6050764164, -8.698450138877257e+19], [665109036027635.5, -1284417718591223.5, -178384855359572.5, 1.7644174894876208e+23, 181959839134226.9, -774411176370950.0, 6.1523395857779765e+28], [2924212.1504202657, -1298655.5783345166, -308658.489824866, 181959839134226.88, 404726.2265961257, -808522.3008140078, 1.0399065478295437e+20], [-3007346.334278476, 5676736.999787821, 782924.6050764164, -774411176370950.0, -808522.3008140078, 3468677.604188564, -2.713610449027848e+20], [8.810524342142307e+20, -4.537007889570115e+20, -8.698450138877257e+19, 6.1523395857779765e+28, 1.0399065478295437e+20, -2.7136104490278483e+20, 3.295069417752646e+34]]
sigma_dmeff
from cov matrix =
1.8441316332406392e-17
2-sigma =
2.8692938424783407e-17