n-power=
4
dm_mass=
1000
stepsize =
4e-15
fisher matrix =
[[284215060.8983413, -61094387.84016007, -18903177.1194926, 665109036027635.8, 2924212.1504202657, -3007346.334278475, 9.274860493709338e+16], [-61094387.84016007, 33624612.86144787, 7558534.359166397, -1284417718591223.8, -1298655.5783345166, 5676736.9997878205, -4.699150006056774e+16], [-18903177.1194926, 7558534.359166397, 1960802.904867942, -178384855359572.53, -308658.48982486594, 782924.6050764164, -9025230856262768.0], [665109036027635.5, -1284417718591223.5, -178384855359572.5, 1.7644174894876208e+23, 181959839134226.9, -774411176370950.0, 6.39904170607985e+24], [2924212.1504202657, -1298655.5783345166, -308658.489824866, 181959839134226.88, 404726.2265961257, -808522.3008140078, 1.0836231674762096e+16], [-3007346.334278476, 5676736.999787821, 782924.6050764164, -774411176370950.0, -808522.3008140078, 3468677.604188564, -2.8225623813124756e+16], [9.274860493709338e+16, -4.699150006056775e+16, -9025230856262766.0, 6.39904170607985e+24, 1.0836231674762096e+16, -2.8225623813124756e+16, 3.590548054586087e+26]]
sigma_dmeff
from cov matrix =
1.7417836664714663e-13
2-sigma =
2.7106368028451464e-13