n-power=
4
dm_mass=
100
stepsize =
3e-16
fisher matrix =
[[284215060.8983413, -61094387.84016007, -18903177.1194926, 665109036027635.8, 2924212.1504202657, -3007346.334278475, 9.211958173845486e+17], [-61094387.84016007, 33624612.86144787, 7558534.359166397, -1284417718591223.8, -1298655.5783345166, 5676736.9997878205, -4.732234627125166e+17], [-18903177.1194926, 7558534.359166397, 1960802.904867942, -178384855359572.53, -308658.48982486594, 782924.6050764164, -9.012137605753637e+16], [665109036027635.5, -1284417718591223.5, -178384855359572.5, 1.7644174894876208e+23, 181959839134226.9, -774411176370950.0, 6.5911075844604335e+25], [2924212.1504202657, -1298655.5783345166, -308658.489824866, 181959839134226.88, 404726.2265961257, -808522.3008140078, 1.1207383241934459e+17], [-3007346.334278476, 5676736.999787821, 782924.6050764164, -774411176370950.0, -808522.3008140078, 3468677.604188564, -2.9072925229743386e+17], [9.211958173845486e+17, -4.732234627125166e+17, -9.012137605753637e+16, 6.5911075844604335e+25, 1.1207383241934459e+17, -2.9072925229743386e+17, 3.840381082201467e+28]]
sigma_dmeff
from cov matrix =
1.6541682335052818e-14
2-sigma =
2.5753017971050708e-14