n-power=
4
dm_mass=
10
stepsize =
2e-16
fisher matrix =
[[284215060.8983413, -61094387.84016007, -18903177.1194926, 665109036027635.8, 2924212.1504202657, -3007346.334278475, 7.710684088058308e+18], [-61094387.84016007, 33624612.86144787, 7558534.359166397, -1284417718591223.8, -1298655.5783345166, 5676736.9997878205, -4.0558654480132895e+18], [-18903177.1194926, 7558534.359166397, 1960802.904867942, -178384855359572.53, -308658.48982486594, 782924.6050764164, -7.756498730651002e+17], [665109036027635.5, -1284417718591223.5, -178384855359572.5, 1.7644174894876208e+23, 181959839134226.9, -774411176370950.0, 5.467723229043882e+26], [2924212.1504202657, -1298655.5783345166, -308658.489824866, 181959839134226.88, 404726.2265961257, -808522.3008140078, 9.193392963687404e+17], [-3007346.334278476, 5676736.999787821, 782924.6050764164, -774411176370950.0, -808522.3008140078, 3468677.604188564, -2.411554873576332e+18], [7.710684088058308e+18, -4.0558654480132895e+18, -7.756498730651002e+17, 5.467723229043882e+26, 9.193392963687404e+17, -2.411554873576332e+18, 2.5669042653697005e+30]]
sigma_dmeff
from cov matrix =
2.1345218853514153e-15
2-sigma =
3.3208555696398228e-15