n-power=
4
dm_mass=
1e-05
stepsize =
5e-24
fisher matrix =
[[284215060.8983413, -61094387.84016007, -18903177.1194926, 665109036027635.8, 2924212.1504202657, -3007346.334278475, 1.3637028973069151e+26], [-61094387.84016007, 33624612.86144787, 7558534.359166397, -1284417718591223.8, -1298655.5783345166, 5676736.9997878205, -6.614382171988565e+25], [-18903177.1194926, 7558534.359166397, 1960802.904867942, -178384855359572.53, -308658.48982486594, 782924.6050764164, -1.2104269858455135e+25], [665109036027635.5, -1284417718591223.5, -178384855359572.5, 1.7644174894876208e+23, 181959839134226.9, -774411176370950.0, 9.931398788002756e+33], [2924212.1504202657, -1298655.5783345166, -308658.489824866, 181959839134226.88, 404726.2265961257, -808522.3008140078, 1.7537339966415175e+25], [-3007346.334278476, 5676736.999787821, 782924.6050764164, -774411176370950.0, -808522.3008140078, 3468677.604188564, -4.3939232428132866e+25], [1.363702897306915e+26, -6.614382171988564e+25, -1.2104269858455135e+25, 9.931398788002756e+33, 1.753733996641517e+25, -4.3939232428132866e+25, 1.0350430381918944e+45]]
sigma_dmeff
from cov matrix =
7.655018842767244e-23
2-sigma =
1.1909485458050363e-22
