n-power=
4
dm_mass=
1
stepsize =
7e-18
fisher matrix =
[[284215060.8983413, -61094387.84016007, -18903177.1194926, 665109036027635.8, 2924212.1504202657, -3007346.334278475, 8.808063660884461e+19], [-61094387.84016007, 33624612.86144787, 7558534.359166397, -1284417718591223.8, -1298655.5783345166, 5676736.9997878205, -4.531004166111789e+19], [-18903177.1194926, 7558534.359166397, 1960802.904867942, -178384855359572.53, -308658.48982486594, 782924.6050764164, -8.68946916136456e+18], [665109036027635.5, -1284417718591223.5, -178384855359572.5, 1.7644174894876208e+23, 181959839134226.9, -774411176370950.0, 6.145336116670097e+27], [2924212.1504202657, -1298655.5783345166, -308658.489824866, 181959839134226.88, 404726.2265961257, -808522.3008140078, 1.0389516053705308e+19], [-3007346.334278476, 5676736.999787821, 782924.6050764164, -774411176370950.0, -808522.3008140078, 3468677.604188564, -2.7105273506832593e+19], [8.808063660884461e+19, -4.531004166111789e+19, -8.689469161364558e+18, 6.145336116670097e+27, 1.0389516053705308e+19, -2.7105273506832597e+19, 3.28977384561936e+32]]
sigma_dmeff
from cov matrix =
1.8423853900317096e-16
2-sigma =
2.8670775640432746e-16