n-power=
-4
dm_mass=
100
stepsize =
4e-33
fisher matrix =
[[256408272950.26617, -29776549071.214054, -7416738501.042623, 8.808098368045568e+17, 3427279208.487855, -4227798342.5772457, -1.9965811400741687e+39], [-29776549071.214054, 8336898420.748733, 1027968923.2754356, 4034985913370444.0, 102969108.58384988, 419151935.7656708, -7.568308646017373e+37], [-7416738501.042623, 1027968923.2754356, 357859754.7130781, -3.211606473277805e+16, -128378167.88137218, 116687391.17309257, 7.724781212283387e+37], [8.808098368045568e+17, 4034985913370439.0, -3.2116064732778052e+16, 7.747932644628576e+24, 2.952788056410754e+16, -2.2729099884760372e+16, -1.9790913710725052e+46], [3427279208.487855, 102969108.58384992, -128378167.88137218, 2.952788056410754e+16, 122740774.59007269, -77724389.43780631, -7.71055436409689e+37], [-4227798342.5772457, 419151935.7656708, 116687391.17309257, -2.2729099884760372e+16, -77724389.43780631, 100287277.35765791, 5.352897839484284e+37], [-1.9965811400741687e+39, -7.568308646017375e+37, 7.724781212283387e+37, -1.9790913710725057e+46, -7.71055436409689e+37, 5.352897839484284e+37, 5.1868954157042957e+67]]
sigma_dmeff
from cov matrix =
1.3365003687348633e-33
2-sigma =
3.314520914462461e-33
2-sigma zack's method =
