n-power=
-4
dm_mass=
10
stepsize =
6e-34
fisher matrix =
[[256408272950.26617, -29776549071.214054, -7416738501.042623, 8.808098368045568e+17, 3427279208.487855, -4227798342.5772457, -1.9960241803807534e+40], [-29776549071.214054, 8336898420.748733, 1027968923.2754356, 4034985913370444.0, 102969108.58384988, 419151935.7656708, -7.528776323551719e+38], [-7416738501.042623, 1027968923.2754356, 357859754.7130781, -3.211606473277805e+16, -128378167.88137218, 116687391.17309257, 7.719936062575365e+38], [8.808098368045568e+17, 4034985913370439.0, -3.2116064732778052e+16, 7.747932644628576e+24, 2.952788056410754e+16, -2.2729099884760372e+16, -1.9771621967196616e+47], [3427279208.487855, 102969108.58384992, -128378167.88137218, 2.952788056410754e+16, 122740774.59007269, -77724389.43780631, -7.70299110180941e+38], [-4227798342.5772457, 419151935.7656708, 116687391.17309257, -2.2729099884760372e+16, -77724389.43780631, 100287277.35765791, 5.3498989748766655e+38], [-1.9960241803807534e+40, -7.528776323551719e+38, 7.719936062575365e+38, -1.9771621967196616e+47, -7.70299110180941e+38, 5.3498989748766655e+38, 5.176109954012946e+69]]
sigma_dmeff
from cov matrix =
1.3401383326345422e-34
2-sigma =
3.3235430649336645e-34
2-sigma zack's method =
