n-power=
-4
dm_mass=
1
stepsize =
6e-35
fisher matrix =
[[256408272950.26617, -29776549071.214054, -7416738501.042623, 8.808098368045568e+17, 3427279208.487855, -4227798342.5772457, -1.9948034799125586e+41], [-29776549071.214054, 8336898420.748733, 1027968923.2754356, 4034985913370444.0, 102969108.58384988, 419151935.7656708, -7.52879407706144e+39], [-7416738501.042623, 1027968923.2754356, 357859754.7130781, -3.211606473277805e+16, -128378167.88137218, 116687391.17309257, 7.71560827705531e+39], [8.808098368045568e+17, 4034985913370439.0, -3.2116064732778052e+16, 7.747932644628576e+24, 2.952788056410754e+16, -2.2729099884760372e+16, -1.9762131227957337e+48], [3427279208.487855, 102969108.58384992, -128378167.88137218, 2.952788056410754e+16, 122740774.59007269, -77724389.43780631, -7.699289416652423e+39], [-4227798342.5772457, 419151935.7656708, 116687391.17309257, -2.2729099884760372e+16, -77724389.43780631, 100287277.35765791, 5.347250206561824e+39], [-1.9948034799125586e+41, -7.52879407706144e+39, 7.71560827705531e+39, -1.9762131227957337e+48, -7.699289416652423e+39, 5.347250206561825e+39, 5.171090611437281e+71]]
sigma_dmeff
from cov matrix =
1.3421743032365228e-35
2-sigma =
3.328592272026576e-35
2-sigma zack's method =
2.087780689416801e-35