n-power=
0
dm_mass=
0.0001
stepsize =
8e-29
fisher matrix =
[[284215060.8983413, -61094387.84016007, -18903177.1194926, 665109036027635.8, 2924212.1504202657, -3007346.334278475, 1.674947328231935e+30], [-61094387.84016007, 33624612.86144787, 7558534.359166397, -1284417718591223.8, -1298655.5783345166, 5676736.9997878205, -1.2677853867674114e+30], [-18903177.1194926, 7558534.359166397, 1960802.904867942, -178384855359572.53, -308658.48982486594, 782924.6050764164, -4.379829424095615e+29], [665109036027635.5, -1284417718591223.5, -178384855359572.5, 1.7644174894876208e+23, 181959839134226.9, -774411176370950.0, -5.1249225340438e+38], [2924212.1504202657, -1298655.5783345166, -308658.489824866, 181959839134226.88, 404726.2265961257, -808522.3008140078, -9.704234251629808e+29], [-3007346.334278476, 5676736.999787821, 782924.6050764164, -774411176370950.0, -808522.3008140078, 3468677.604188564, 2.2432665451017987e+30], [1.6749473282319361e+30, -1.2677853867674114e+30, -4.379829424095615e+29, -5.1249225340438e+38, -9.704234251629806e+29, 2.2432665451017987e+30, 3.709900641369743e+54]]
sigma_dmeff
from cov matrix =
2.1236354463907434e-27
2-sigma =
3.30424503908818e-27