n-power=
0
dm_mass=
0.001
stepsize =
2e-28
fisher matrix =
[[284215060.8983413, -61094387.84016007, -18903177.1194926, 665109036027635.8, 2924212.1504202657, -3007346.334278475, 5.82291641245934e+29], [-61094387.84016007, 33624612.86144787, 7558534.359166397, -1284417718591223.8, -1298655.5783345166, 5676736.9997878205, -4.176468457975295e+29], [-18903177.1194926, 7558534.359166397, 1960802.904867942, -178384855359572.53, -308658.48982486594, 782924.6050764164, -1.6076946827677363e+29], [665109036027635.5, -1284417718591223.5, -178384855359572.5, 1.7644174894876208e+23, 181959839134226.9, -774411176370950.0, -2.1925055092443236e+38], [2924212.1504202657, -1298655.5783345166, -308658.489824866, 181959839134226.88, 404726.2265961257, -808522.3008140078, -4.1163562001464316e+29], [-3007346.334278476, 5676736.999787821, 782924.6050764164, -774411176370950.0, -808522.3008140078, 3468677.604188564, 9.602484682448669e+29], [5.822916412459346e+29, -4.176468457975296e+29, -1.6076946827677363e+29, -2.1925055092443236e+38, -4.1163562001464316e+29, 9.602484682448669e+29, 6.4636615235175455e+53]]
sigma_dmeff
from cov matrix =
5.144911576839098e-27
2-sigma =
8.005351176709459e-27
