n-power=
0
dm_mass=
0.01
stepsize =
2e-27
fisher matrix =
[[284215060.8983413, -61094387.84016007, -18903177.1194926, 665109036027635.8, 2924212.1504202657, -3007346.334278475, 6.883309182477621e+28], [-61094387.84016007, 33624612.86144787, 7558534.359166397, -1284417718591223.8, -1298655.5783345166, 5676736.9997878205, -5.322632661261434e+28], [-18903177.1194926, 7558534.359166397, 1960802.904867942, -178384855359572.53, -308658.48982486594, 782924.6050764164, -2.1711930790829555e+28], [665109036027635.5, -1284417718591223.5, -178384855359572.5, 1.7644174894876208e+23, 181959839134226.9, -774411176370950.0, -3.211765759891641e+37], [2924212.1504202657, -1298655.5783345166, -308658.489824866, 181959839134226.88, 404726.2265961257, -808522.3008140078, -5.982136760737554e+28], [-3007346.334278476, 5676736.999787821, 782924.6050764164, -774411176370950.0, -808522.3008140078, 3468677.604188564, 1.4068592262074769e+29], [6.883309182477621e+28, -5.322632661261435e+28, -2.1711930790829555e+28, -3.211765759891641e+37, -5.982136760737554e+28, 1.4068592262074769e+29, 1.351960812515994e+52]]
sigma_dmeff
from cov matrix =
3.633250415989974e-26
2-sigma =
5.653968529596364e-26