n-power=
0
dm_mass=
0.1
stepsize =
1e-26
fisher matrix =
[[284215060.8983413, -61094387.84016007, -18903177.1194926, 665109036027635.8, 2924212.1504202657, -3007346.334278475, 7.028311737504326e+27], [-61094387.84016007, 33624612.86144787, 7558534.359166397, -1284417718591223.8, -1298655.5783345166, 5676736.9997878205, -5.491770731303262e+27], [-18903177.1194926, 7558534.359166397, 1960802.904867942, -178384855359572.53, -308658.48982486594, 782924.6050764164, -2.241473332339941e+27], [665109036027635.5, -1284417718591223.5, -178384855359572.5, 1.7644174894876208e+23, 181959839134226.9, -774411176370950.0, -3.337281419424938e+36], [2924212.1504202657, -1298655.5783345166, -308658.489824866, 181959839134226.88, 404726.2265961257, -808522.3008140078, -6.228308948585706e+27], [-3007346.334278476, 5676736.999787821, 782924.6050764164, -774411176370950.0, -808522.3008140078, 3468677.604188564, 1.4617960956457112e+28], [7.028311737504326e+27, -5.491770731303262e+27, -2.241473332339941e+27, -3.337281419424938e+36, -6.228308948585705e+27, 1.4617960956457114e+28, 1.4607806825421495e+50]]
sigma_dmeff
from cov matrix =
3.514257589834234e-25
2-sigma =
5.463979301609431e-25