n-power=
0
dm_mass=
1000
stepsize =
2e-22
fisher matrix =
[[284215060.8983413, -61094387.84016007, -18903177.1194926, 665109036027635.8, 2924212.1504202657, -3007346.334278475, 7.588664042105084e+23], [-61094387.84016007, 33624612.86144787, 7558534.359166397, -1284417718591223.8, -1298655.5783345166, 5676736.9997878205, -5.541533644248043e+23], [-18903177.1194926, 7558534.359166397, 1960802.904867942, -178384855359572.53, -308658.48982486594, 782924.6050764164, -2.2792387674257145e+23], [665109036027635.5, -1284417718591223.5, -178384855359572.5, 1.7644174894876208e+23, 181959839134226.9, -774411176370950.0, -3.377027423704957e+32], [2924212.1504202657, -1298655.5783345166, -308658.489824866, 181959839134226.88, 404726.2265961257, -808522.3008140078, -6.280788280338258e+23], [-3007346.334278476, 5676736.999787821, 782924.6050764164, -774411176370950.0, -808522.3008140078, 3468677.604188564, 1.4792664080113203e+24], [7.588664042105084e+23, -5.541533644248049e+23, -2.2792387674257145e+23, -3.377027423704957e+32, -6.280788280338258e+23, 1.4792664080113206e+24, 1.4879736067594974e+42]]
sigma_dmeff
from cov matrix =
3.49290981019209e-21
2-sigma =
5.435695733447556e-21