n-power=
0
dm_mass=
100
stepsize =
1e-23
fisher matrix =
[[284215060.8983413, -61094387.84016007, -18903177.1194926, 665109036027635.8, 2924212.1504202657, -3007346.334278475, 7.177553229649585e+24], [-61094387.84016007, 33624612.86144787, 7558534.359166397, -1284417718591223.8, -1298655.5783345166, 5676736.9997878205, -5.575645467269304e+24], [-18903177.1194926, 7558534.359166397, 1960802.904867942, -178384855359572.53, -308658.48982486594, 782924.6050764164, -2.262392427831986e+24], [665109036027635.5, -1284417718591223.5, -178384855359572.5, 1.7644174894876208e+23, 181959839134226.9, -774411176370950.0, -3.332647551024734e+33], [2924212.1504202657, -1298655.5783345166, -308658.489824866, 181959839134226.88, 404726.2265961257, -808522.3008140078, -6.206184383199197e+24], [-3007346.334278476, 5676736.999787821, 782924.6050764164, -774411176370950.0, -808522.3008140078, 3468677.604188564, 1.4597199046408414e+25], [7.177553229649585e+24, -5.57564546726931e+24, -2.262392427831986e+24, -3.332647551024734e+33, -6.206184383199197e+24, 1.4597199046408414e+25, 1.4548710102806372e+44]]
sigma_dmeff
from cov matrix =
3.547977568730613e-22
2-sigma =
5.519468027708816e-22