n-power=
0
dm_mass=
10
stepsize =
1e-24
fisher matrix =
[[284215060.8983413, -61094387.84016007, -18903177.1194926, 665109036027635.8, 2924212.1504202657, -3007346.334278475, 6.961656148827604e+25], [-61094387.84016007, 33624612.86144787, 7558534.359166397, -1284417718591223.8, -1298655.5783345166, 5676736.9997878205, -5.487431966147264e+25], [-18903177.1194926, 7558534.359166397, 1960802.904867942, -178384855359572.53, -308658.48982486594, 782924.6050764164, -2.2436192136266386e+25], [665109036027635.5, -1284417718591223.5, -178384855359572.5, 1.7644174894876208e+23, 181959839134226.9, -774411176370950.0, -3.344585272921267e+34], [2924212.1504202657, -1298655.5783345166, -308658.489824866, 181959839134226.88, 404726.2265961257, -808522.3008140078, -6.225886811835284e+25], [-3007346.334278476, 5676736.999787821, 782924.6050764164, -774411176370950.0, -808522.3008140078, 3468677.604188564, 1.4649740257111881e+26], [6.961656148827604e+25, -5.487431966147262e+25, -2.2436192136266395e+25, -3.344585272921267e+34, -6.225886811835284e+25, 1.4649740257111881e+26, 1.4618965421218685e+46]]
sigma_dmeff
from cov matrix =
3.5395243430134963e-23
2-sigma =
5.507194258458216e-23