n-power=
0
dm_mass=
1e-05
stepsize =
8e-29
fisher matrix =
[[284215060.8983413, -61094387.84016007, -18903177.1194926, 665109036027635.8, 2924212.1504202657, -3007346.334278475, 4.328843975436932e+30], [-61094387.84016007, 33624612.86144787, 7558534.359166397, -1284417718591223.8, -1298655.5783345166, 5676736.9997878205, -3.2485918456360634e+30], [-18903177.1194926, 7558534.359166397, 1960802.904867942, -178384855359572.53, -308658.48982486594, 782924.6050764164, -8.483084033137616e+29], [665109036027635.5, -1284417718591223.5, -178384855359572.5, 1.7644174894876208e+23, 181959839134226.9, -774411176370950.0, -4.30955391393399e+38], [2924212.1504202657, -1298655.5783345166, -308658.489824866, 181959839134226.88, 404726.2265961257, -808522.3008140078, -8.924815867137157e+29], [-3007346.334278476, 5676736.999787821, 782924.6050764164, -774411176370950.0, -808522.3008140078, 3468677.604188564, 1.8792281551143135e+30], [4.328843975436932e+30, -3.248591845636064e+30, -8.483084033137616e+29, -4.309553913933991e+38, -8.924815867137157e+29, 1.8792281551143135e+30, 4.161786227230851e+54]]
sigma_dmeff
from cov matrix =
1.6123465112364941e-27
2-sigma =
2.508281362666801e-27