n-power=
0
dm_mass=
1
stepsize =
1e-25
fisher matrix =
[[284215060.8983413, -61094387.84016007, -18903177.1194926, 665109036027635.8, 2924212.1504202657, -3007346.334278475, 7.430246889588489e+26], [-61094387.84016007, 33624612.86144787, 7558534.359166397, -1284417718591223.8, -1298655.5783345166, 5676736.9997878205, -5.6502996758792284e+26], [-18903177.1194926, 7558534.359166397, 1960802.904867942, -178384855359572.53, -308658.48982486594, 782924.6050764164, -2.283570962681189e+26], [665109036027635.5, -1284417718591223.5, -178384855359572.5, 1.7644174894876208e+23, 181959839134226.9, -774411176370950.0, -3.338004283665838e+35], [2924212.1504202657, -1298655.5783345166, -308658.489824866, 181959839134226.88, 404726.2265961257, -808522.3008140078, -6.222200888179646e+26], [-3007346.334278476, 5676736.999787821, 782924.6050764164, -774411176370950.0, -808522.3008140078, 3468677.604188564, 1.462080780895109e+27], [7.430246889588489e+26, -5.6502996758792256e+26, -2.283570962681189e+26, -3.338004283665838e+35, -6.222200888179646e+26, 1.4620807808951096e+27, 1.463642297632002e+48]]
sigma_dmeff
from cov matrix =
3.510419618416992e-24
2-sigma =
5.461124131317851e-24