n-power=
-2
dm_mass=
1000
stepsize =
2e-27
fisher matrix =
[[284215060.8983413, -61094387.84016007, -18903177.1194926, 665109036027635.8, 2924212.1504202657, -3007346.334278475, 7.724228070479148e+28], [-61094387.84016007, 33624612.86144787, 7558534.359166397, -1284417718591223.8, -1298655.5783345166, 5676736.9997878205, 5.040007381405649e+29], [-18903177.1194926, 7558534.359166397, 1960802.904867942, -178384855359572.53, -308658.48982486594, 782924.6050764164, 5.884119922126538e+28], [665109036027635.5, -1284417718591223.5, -178384855359572.5, 1.7644174894876208e+23, 181959839134226.9, -774411176370950.0, -1.0414005187819253e+38], [2924212.1504202657, -1298655.5783345166, -308658.489824866, 181959839134226.88, 404726.2265961257, -808522.3008140078, -1.460607434381329e+29], [-3007346.334278476, 5676736.999787821, 782924.6050764164, -774411176370950.0, -808522.3008140078, 3468677.604188564, 4.578377050139293e+29], [7.72422807047912e+28, 5.040007381405649e+29, 5.884119922126536e+28, -1.0414005187819253e+38, -1.460607434381329e+29, 4.578377050139292e+29, 7.406121214503134e+52]]
sigma_dmeff
from cov matrix =
2.0155496662540366e-26
2-sigma =
3.137184656566972e-26