n-power=
-2
dm_mass=
100
stepsize =
5e-28
fisher matrix =
[[284215060.8983413, -61094387.84016007, -18903177.1194926, 665109036027635.8, 2924212.1504202657, -3007346.334278475, 7.604777329794933e+29], [-61094387.84016007, 33624612.86144787, 7558534.359166397, -1284417718591223.8, -1298655.5783345166, 5676736.9997878205, 5.0701807629027536e+30], [-18903177.1194926, 7558534.359166397, 1960802.904867942, -178384855359572.53, -308658.48982486594, 782924.6050764164, 5.933302248453228e+29], [665109036027635.5, -1284417718591223.5, -178384855359572.5, 1.7644174894876208e+23, 181959839134226.9, -774411176370950.0, -1.0460274633589653e+39], [2924212.1504202657, -1298655.5783345166, -308658.489824866, 181959839134226.88, 404726.2265961257, -808522.3008140078, -1.4677726563721496e+30], [-3007346.334278476, 5676736.999787821, 782924.6050764164, -774411176370950.0, -808522.3008140078, 3468677.604188564, 4.5987453235881544e+30], [7.604777329794933e+29, 5.070180762902754e+30, 5.9333022484532276e+29, -1.0460274633589653e+39, -1.4677726563721496e+30, 4.5987453235881544e+30, 7.473586962001368e+54]]
sigma_dmeff
from cov matrix =
2.0057288821414963e-27
2-sigma =
3.119512996811456e-27