n-power=
-2
dm_mass=
10
stepsize =
8e-28
fisher matrix =
[[284215060.8983413, -61094387.84016007, -18903177.1194926, 665109036027635.8, 2924212.1504202657, -3007346.334278475, 8.183959280375598e+30], [-61094387.84016007, 33624612.86144787, 7558534.359166397, -1284417718591223.8, -1298655.5783345166, 5676736.9997878205, 4.9721355417186835e+31], [-18903177.1194926, 7558534.359166397, 1960802.904867942, -178384855359572.53, -308658.48982486594, 782924.6050764164, 5.808381606408816e+30], [665109036027635.5, -1284417718591223.5, -178384855359572.5, 1.7644174894876208e+23, 181959839134226.9, -774411176370950.0, -1.0270155695373777e+40], [2924212.1504202657, -1298655.5783345166, -308658.489824866, 181959839134226.88, 404726.2265961257, -808522.3008140078, -1.4419982194399345e+31], [-3007346.334278476, 5676736.999787821, 782924.6050764164, -774411176370950.0, -808522.3008140078, 3468677.604188564, 4.515206162552075e+31], [8.183959280375589e+30, 4.972135541718683e+31, 5.808381606408817e+30, -1.0270155695373775e+40, -1.4419982194399345e+31, 4.515206162552075e+31, 7.216764619854744e+56]]
sigma_dmeff
from cov matrix =
2.023052212464101e-28
2-sigma =
3.14776448784622e-28