n-power=
-2
dm_mass=
1
stepsize =
6e-30
fisher matrix =
[[284215060.8983413, -61094387.84016007, -18903177.1194926, 665109036027635.8, 2924212.1504202657, -3007346.334278475, 8.19164632316536e+31], [-61094387.84016007, 33624612.86144787, 7558534.359166397, -1284417718591223.8, -1298655.5783345166, 5676736.9997878205, 5.043702971645703e+32], [-18903177.1194926, 7558534.359166397, 1960802.904867942, -178384855359572.53, -308658.48982486594, 782924.6050764164, 5.878150356440582e+31], [665109036027635.5, -1284417718591223.5, -178384855359572.5, 1.7644174894876208e+23, 181959839134226.9, -774411176370950.0, -1.0430468719210445e+41], [2924212.1504202657, -1298655.5783345166, -308658.489824866, 181959839134226.88, 404726.2265961257, -808522.3008140078, -1.4629919644336688e+32], [-3007346.334278476, 5676736.999787821, 782924.6050764164, -774411176370950.0, -808522.3008140078, 3468677.604188564, 4.585632991188278e+32], [8.19164632316536e+31, 5.043702971645703e+32, 5.878150356440582e+31, -1.0430468719210443e+41, -1.4629919644336688e+32, 4.585632991188278e+32, 7.432854209258666e+58]]
sigma_dmeff
from cov matrix =
2.0107621081451887e-29
2-sigma =
3.125972180199169e-29