n-power=
-4
dm_mass=
100
stepsize =
4e-33
fisher matrix =
[[284215060.8983413, -61094387.84016007, -18903177.1194926, 665109036027635.8, 2924212.1504202657, -3007346.334278475, 2.0651364032440114e+36], [-61094387.84016007, 33624612.86144787, 7558534.359166397, -1284417718591223.8, -1298655.5783345166, 5676736.9997878205, 2.503478207439053e+36], [-18903177.1194926, 7558534.359166397, 1960802.904867942, -178384855359572.53, -308658.48982486594, 782924.6050764164, 2.7412441209727724e+35], [665109036027635.5, -1284417718591223.5, -178384855359572.5, 1.7644174894876208e+23, 181959839134226.9, -774411176370950.0, -4.1003335368137695e+44], [2924212.1504202657, -1298655.5783345166, -308658.489824866, 181959839134226.88, 404726.2265961257, -808522.3008140078, -5.016586555249573e+35], [-3007346.334278476, 5676736.999787821, 782924.6050764164, -774411176370950.0, -808522.3008140078, 3468677.604188564, 1.8031714946899588e+36], [2.0651364032440108e+36, 2.503478207439054e+36, 2.7412441209727724e+35, -4.100333536813769e+44, -5.016586555249573e+35, 1.8031714946899588e+36, 1.1524239870217448e+66]]
sigma_dmeff
from cov matrix =
3.664580338326253e-33
2-sigma =
