n-power=
-4
dm_mass=
10
stepsize =
6e-34
fisher matrix =
[[284215060.8983413, -61094387.84016007, -18903177.1194926, 665109036027635.8, 2924212.1504202657, -3007346.334278475, 2.0579718541275975e+37], [-61094387.84016007, 33624612.86144787, 7558534.359166397, -1284417718591223.8, -1298655.5783345166, 5676736.9997878205, 2.5001994055282056e+37], [-18903177.1194926, 7558534.359166397, 1960802.904867942, -178384855359572.53, -308658.48982486594, 782924.6050764164, 2.739520130373878e+36], [665109036027635.5, -1284417718591223.5, -178384855359572.5, 1.7644174894876208e+23, 181959839134226.9, -774411176370950.0, -4.0946505789985154e+45], [2924212.1504202657, -1298655.5783345166, -308658.489824866, 181959839134226.88, 404726.2265961257, -808522.3008140078, -5.010612782294392e+36], [-3007346.334278476, 5676736.999787821, 782924.6050764164, -774411176370950.0, -808522.3008140078, 3468677.604188564, 1.8006732694388833e+37], [2.0579718541275975e+37, 2.5001994055282056e+37, 2.739520130373878e+36, -4.094650578998516e+45, -5.010612782294392e+36, 1.8006732694388833e+37, 1.1490373861931172e+68]]
sigma_dmeff
from cov matrix =
3.6722212811346487e-34
2-sigma =
