n-power=
-4
dm_mass=
1
stepsize =
6e-35
fisher matrix =
[[284215060.8983413, -61094387.84016007, -18903177.1194926, 665109036027635.8, 2924212.1504202657, -3007346.334278475, 2.0568536580956558e+38], [-61094387.84016007, 33624612.86144787, 7558534.359166397, -1284417718591223.8, -1298655.5783345166, 5676736.9997878205, 2.4990104228041285e+38], [-18903177.1194926, 7558534.359166397, 1960802.904867942, -178384855359572.53, -308658.48982486594, 782924.6050764164, 2.738258901038914e+37], [665109036027635.5, -1284417718591223.5, -178384855359572.5, 1.7644174894876208e+23, 181959839134226.9, -774411176370950.0, -4.092711573633925e+46], [2924212.1504202657, -1298655.5783345166, -308658.489824866, 181959839134226.88, 404726.2265961257, -808522.3008140078, -5.008334327999607e+37], [-3007346.334278476, 5676736.999787821, 782924.6050764164, -774411176370950.0, -808522.3008140078, 3468677.604188564, 1.7998205432858636e+38], [2.056853658095655e+38, 2.4990104228041285e+38, 2.738258901038914e+37, -4.092711573633925e+46, -5.008334327999607e+37, 1.7998205432858636e+38, 1.1479410688892347e+70]]
sigma_dmeff
from cov matrix =
3.674276813190057e-35
2-sigma =
5.720197633322982e-35