n-power=
0
dm_mass=
0.001
stepsize =
2e-28
fisher matrix =
[[256408272950.26617, -29776549071.214054, -7416738501.042623, 8.808098368045568e+17, 3427279208.487855, -4227798342.5772457, 9.087852001694551e+33], [-29776549071.214054, 8336898420.748733, 1027968923.2754356, 4034985913370444.0, 102969108.58384988, 419151935.7656708, -2.2473452260510297e+34], [-7416738501.042623, 1027968923.2754356, 357859754.7130781, -3.211606473277805e+16, -128378167.88137218, 116687391.17309257, 1.5080147905287585e+33], [8.808098368045568e+17, 4034985913370439.0, -3.2116064732778052e+16, 7.747932644628576e+24, 2.952788056410754e+16, -2.2729099884760372e+16, -6.289263926740097e+41], [3427279208.487855, 102969108.58384992, -128378167.88137218, 2.952788056410754e+16, 122740774.59007269, -77724389.43780631, -3.0651253499016037e+33], [-4227798342.5772457, 419151935.7656708, 116687391.17309257, -2.2729099884760372e+16, -77724389.43780631, 100287277.35765791, 1.720284756142438e+32], [9.087852001694551e+33, -2.2473452260510297e+34, 1.5080147905287585e+33, -6.289263926740097e+41, -3.0651253499016037e+33, 1.720284756142438e+32, 1.5623699790799563e+59]]
sigma_dmeff
from cov matrix =
9.774869565904237e-30
2-sigma =
2.424167652344251e-29
2-sigma zack's method =
1.52e-29