n-power=
0
dm_mass=
0.0001
stepsize =
8e-29
fisher matrix =
[[256408272950.26617, -29776549071.214054, -7416738501.042623, 8.808098368045568e+17, 3427279208.487855, -4227798342.5772457, 2.921482523217753e+34], [-29776549071.214054, 8336898420.748733, 1027968923.2754356, 4034985913370444.0, 102969108.58384988, 419151935.7656708, -6.457586100010896e+34], [-7416738501.042623, 1027968923.2754356, 357859754.7130781, -3.211606473277805e+16, -128378167.88137218, 116687391.17309257, 4.2378674176934967e+33], [8.808098368045568e+17, 4034985913370439.0, -3.2116064732778052e+16, 7.747932644628576e+24, 2.952788056410754e+16, -2.2729099884760372e+16, -1.784211623968738e+42], [3427279208.487855, 102969108.58384992, -128378167.88137218, 2.952788056410754e+16, 122740774.59007269, -77724389.43780631, -8.723661097747945e+33], [-4227798342.5772457, 419151935.7656708, 116687391.17309257, -2.2729099884760372e+16, -77724389.43780631, 100287277.35765791, 4.270521931125218e+32], [2.921482523217753e+34, -6.457586100010896e+34, 4.2378674176934967e+33, -1.784211623968738e+42, -8.723661097747945e+33, 4.270521931125218e+32, 1.2869123002351833e+60]]
sigma_dmeff
from cov matrix =
3.300514450421499e-30
2-sigma =
8.185275837045318e-30
2-sigma zack's method =
5.139135113535541e-30
