n-power=
0
dm_mass=
0.01
stepsize =
2e-27
fisher matrix =
[[256408272950.26617, -29776549071.214054, -7416738501.042623, 8.808098368045568e+17, 3427279208.487855, -4227798342.5772457, 1.1958892470618154e+33], [-29776549071.214054, 8336898420.748733, 1027968923.2754356, 4034985913370444.0, 102969108.58384988, 419151935.7656708, -3.0979890480764027e+33], [-7416738501.042623, 1027968923.2754356, 357859754.7130781, -3.211606473277805e+16, -128378167.88137218, 116687391.17309257, 2.0964620055210322e+32], [8.808098368045568e+17, 4034985913370439.0, -3.2116064732778052e+16, 7.747932644628576e+24, 2.952788056410754e+16, -2.2729099884760372e+16, -8.710503272012998e+40], [3427279208.487855, 102969108.58384992, -128378167.88137218, 2.952788056410754e+16, 122740774.59007269, -77724389.43780631, -4.240559445415656e+32], [-4227798342.5772457, 419151935.7656708, 116687391.17309257, -2.2729099884760372e+16, -77724389.43780631, 100287277.35765791, 2.488769514391363e+31], [1.1958892470618152e+33, -3.0979890480764027e+33, 2.0964620055210322e+32, -8.710503272012998e+40, -4.240559445415656e+32, 2.488769514391363e+31, 2.9727102410243616e+57]]
sigma_dmeff
from cov matrix =
7.16437863320741e-29
2-sigma =
1.7767659010354375e-28
2-sigma zack's method =
1.114919183563886e-28