n-power=
0
dm_mass=
0.1
stepsize =
1e-26
fisher matrix =
[[256408272950.26617, -29776549071.214054, -7416738501.042623, 8.808098368045568e+17, 3427279208.487855, -4227798342.5772457, 1.2731249979695849e+32], [-29776549071.214054, 8336898420.748733, 1027968923.2754356, 4034985913370444.0, 102969108.58384988, 419151935.7656708, -3.26740318085587e+32], [-7416738501.042623, 1027968923.2754356, 357859754.7130781, -3.211606473277805e+16, -128378167.88137218, 116687391.17309257, 2.2076093748775886e+31], [8.808098368045568e+17, 4034985913370439.0, -3.2116064732778052e+16, 7.747932644628576e+24, 2.952788056410754e+16, -2.2729099884760372e+16, -9.17798227981261e+39], [3427279208.487855, 102969108.58384992, -128378167.88137218, 2.952788056410754e+16, 122740774.59007269, -77724389.43780631, -4.469560904843621e+31], [-4227798342.5772457, 419151935.7656708, 116687391.17309257, -2.2729099884760372e+16, -77724389.43780631, 100287277.35765791, 2.59893519085901e+30], [1.2731249979695849e+32, -3.26740318085587e+32, 2.2076093748775886e+31, -9.17798227981261e+39, -4.469560904843621e+31, 2.59893519085901e+30, 3.307286462026031e+55]]
sigma_dmeff
from cov matrix =
6.765343275803019e-28
2-sigma =
1.6778051323991487e-27
2-sigma zack's method =
1.0526107916323753e-27