n-power=
0
dm_mass=
1e-05
stepsize =
8e-29
fisher matrix =
[[256408272950.26617, -29776549071.214054, -7416738501.042623, 8.808098368045568e+17, 3427279208.487855, -4227798342.5772457, 6.262889929959566e+34], [-29776549071.214054, 8336898420.748733, 1027968923.2754356, 4034985913370444.0, 102969108.58384988, 419151935.7656708, -1.1435502402033993e+35], [-7416738501.042623, 1027968923.2754356, 357859754.7130781, -3.211606473277805e+16, -128378167.88137218, 116687391.17309257, 7.168410213991346e+33], [8.808098368045568e+17, 4034985913370439.0, -3.2116064732778052e+16, 7.747932644628576e+24, 2.952788056410754e+16, -2.2729099884760372e+16, -3.07882117061272e+42], [3427279208.487855, 102969108.58384992, -128378167.88137218, 2.952788056410754e+16, 122740774.59007269, -77724389.43780631, -1.5150813009128313e+34], [-4227798342.5772457, 419151935.7656708, 116687391.17309257, -2.2729099884760372e+16, -77724389.43780631, 100287277.35765791, 5.194365867600304e+32], [6.262889929959566e+34, -1.1435502402033993e+35, 7.168410213991346e+33, -3.07882117061272e+42, -1.5150813009128313e+34, 5.194365867600303e+32, 4.014363980359175e+60]]
sigma_dmeff
from cov matrix =
1.770134325039516e-30
2-sigma =
4.389933126098e-30
2-sigma zack's method =
2.753745667260545e-30