n-power=
0
dm_mass=
1
stepsize =
1e-25
fisher matrix =
[[256408272950.26617, -29776549071.214054, -7416738501.042623, 8.808098368045568e+17, 3427279208.487855, -4227798342.5772457, 1.284191793336214e+31], [-29776549071.214054, 8336898420.748733, 1027968923.2754356, 4034985913370444.0, 102969108.58384988, 419151935.7656708, -3.281472894203627e+31], [-7416738501.042623, 1027968923.2754356, 357859754.7130781, -3.211606473277805e+16, -128378167.88137218, 116687391.17309257, 2.215188011960738e+30], [8.808098368045568e+17, 4034985913370439.0, -3.2116064732778052e+16, 7.747932644628576e+24, 2.952788056410754e+16, -2.2729099884760372e+16, -9.213576467495937e+38], [3427279208.487855, 102969108.58384992, -128378167.88137218, 2.952788056410754e+16, 122740774.59007269, -77724389.43780631, -4.4870460084299125e+30], [-4227798342.5772457, 419151935.7656708, 116687391.17309257, -2.2729099884760372e+16, -77724389.43780631, 100287277.35765791, 2.5988337193369034e+29], [1.284191793336214e+31, -3.281472894203627e+31, 2.2151880119607384e+30, -9.213576467495937e+38, -4.4870460084299125e+30, 2.5988337193369034e+29, 3.3345869741956006e+53]]
sigma_dmeff
from cov matrix =
6.736497225825222e-27
2-sigma =
1.670651312004655e-26
2-sigma zack's method =
1.0485560505310652e-26