n-power=
6
dm_mass=
0.0001
stepsize =
1e-19
fisher matrix =
[[284215060.8983413, -61094387.84016007, -18903177.1194926, 665109036027635.8, 2924212.1504202657, -3007346.334278475, 3.626512778308768e+21], [-61094387.84016007, 33624612.86144787, 7558534.359166397, -1284417718591223.8, -1298655.5783345166, 5676736.9997878205, -1.6790206428011406e+21], [-18903177.1194926, 7558534.359166397, 1960802.904867942, -178384855359572.53, -308658.48982486594, 782924.6050764164, -3.125392425591171e+20], [665109036027635.5, -1284417718591223.5, -178384855359572.5, 1.7644174894876208e+23, 181959839134226.9, -774411176370950.0, 2.5795185614787416e+29], [2924212.1504202657, -1298655.5783345166, -308658.489824866, 181959839134226.88, 404726.2265961257, -808522.3008140078, 4.563821185363057e+20], [-3007346.334278476, 5676736.999787821, 782924.6050764164, -774411176370950.0, -808522.3008140078, 3468677.604188564, -1.139325106569295e+21], [3.626512778308768e+21, -1.6790206428011406e+21, -3.125392425591172e+20, 2.5795185614787413e+29, 4.563821185363057e+20, -1.1393251065692952e+21, 6.813728881447586e+35]]
sigma_dmeff
from cov matrix =
3.149514102015474e-18
2-sigma =
4.89549630440047e-18