n-power=
6
dm_mass=
0.001
stepsize =
1e-17
fisher matrix =
[[284215060.8983413, -61094387.84016007, -18903177.1194926, 665109036027635.8, 2924212.1504202657, -3007346.334278475, 4.033475579500739e+19], [-61094387.84016007, 33624612.86144787, 7558534.359166397, -1284417718591223.8, -1298655.5783345166, 5676736.9997878205, -1.883647149465559e+19], [-18903177.1194926, 7558534.359166397, 1960802.904867942, -178384855359572.53, -308658.48982486594, 782924.6050764164, -3.56671774585312e+18], [665109036027635.5, -1284417718591223.5, -178384855359572.5, 1.7644174894876208e+23, 181959839134226.9, -774411176370950.0, 2.825085068036925e+27], [2924212.1504202657, -1298655.5783345166, -308658.489824866, 181959839134226.88, 404726.2265961257, -808522.3008140078, 4.955463603126305e+18], [-3007346.334278476, 5676736.999787821, 782924.6050764164, -774411176370950.0, -808522.3008140078, 3468677.604188564, -1.2466371918605e+19], [4.033475579500738e+19, -1.8836471494655586e+19, -3.56671774585312e+18, 2.825085068036926e+27, 4.955463603126305e+18, -1.2466371918604999e+19, 7.774593985457877e+31]]
sigma_dmeff
from cov matrix =
3.1934646587042227e-16
2-sigma =
4.965743219597171e-16