n-power=
6
dm_mass=
0.01
stepsize =
2e-16
fisher matrix =
[[284215060.8983413, -61094387.84016007, -18903177.1194926, 665109036027635.8, 2924212.1504202657, -3007346.334278475, 2.6764374210729124e+18], [-61094387.84016007, 33624612.86144787, 7558534.359166397, -1284417718591223.8, -1298655.5783345166, 5676736.9997878205, -1.2531773545573102e+18], [-18903177.1194926, 7558534.359166397, 1960802.904867942, -178384855359572.53, -308658.48982486594, 782924.6050764164, -2.396827073582297e+17], [665109036027635.5, -1284417718591223.5, -178384855359572.5, 1.7644174894876208e+23, 181959839134226.9, -774411176370950.0, 1.8324724441818195e+26], [2924212.1504202657, -1298655.5783345166, -308658.489824866, 181959839134226.88, 404726.2265961257, -808522.3008140078, 3.205997717554915e+17], [-3007346.334278476, 5676736.999787821, 782924.6050764164, -774411176370950.0, -808522.3008140078, 3468677.604188564, -8.084530891267432e+17], [2.6764374210729124e+18, -1.2531773545573102e+18, -2.396827073582297e+17, 1.8324724441818195e+26, 3.205997717554915e+17, -8.084530891267432e+17, 3.226265245561925e+29]]
sigma_dmeff
from cov matrix =
5.07920015719119e-15
2-sigma =
7.904431943273456e-15