n-power=
6
dm_mass=
0.1
stepsize =
4e-15
fisher matrix =
[[284215060.8983413, -61094387.84016007, -18903177.1194926, 665109036027635.8, 2924212.1504202657, -3007346.334278475, 2.2645669861087648e+17], [-61094387.84016007, 33624612.86144787, 7558534.359166397, -1284417718591223.8, -1298655.5783345166, 5676736.9997878205, -1.0668770577456424e+17], [-18903177.1194926, 7558534.359166397, 1960802.904867942, -178384855359572.53, -308658.48982486594, 782924.6050764164, -2.0453934888971024e+16], [665109036027635.5, -1284417718591223.5, -178384855359572.5, 1.7644174894876208e+23, 181959839134226.9, -774411176370950.0, 1.5439257543826896e+25], [2924212.1504202657, -1298655.5783345166, -308658.489824866, 181959839134226.88, 404726.2265961257, -808522.3008140078, 2.6937888728835204e+16], [-3007346.334278476, 5676736.999787821, 782924.6050764164, -774411176370950.0, -808522.3008140078, 3468677.604188564, -6.810864935988164e+16], [2.2645669861087654e+17, -1.0668770577456426e+17, -2.045393488897102e+16, 1.5439257543826896e+25, 2.6937888728835204e+16, -6.810864935988164e+16, 2.2659292397007548e+27]]
sigma_dmeff
from cov matrix =
6.17510024569342e-14
2-sigma =
9.60807309610858e-14