n-power=
6
dm_mass=
1000
stepsize =
2e-11
fisher matrix =
[[284215060.8983413, -61094387.84016007, -18903177.1194926, 665109036027635.8, 2924212.1504202657, -3007346.334278475, 25572963894017.516], [-61094387.84016007, 33624612.86144787, 7558534.359166397, -1284417718591223.8, -1298655.5783345166, 5676736.9997878205, -12058986565045.445], [-18903177.1194926, 7558534.359166397, 1960802.904867942, -178384855359572.53, -308658.48982486594, 782924.6050764164, -2303927165186.7046], [665109036027635.5, -1284417718591223.5, -178384855359572.5, 1.7644174894876208e+23, 181959839134226.9, -774411176370950.0, 1.7597473564441528e+21], [2924212.1504202657, -1298655.5783345166, -308658.489824866, 181959839134226.88, 404726.2265961257, -808522.3008140078, 3075096640234.6577], [-3007346.334278476, 5676736.999787821, 782924.6050764164, -774411176370950.0, -808522.3008140078, 3468677.604188564, -7763683689818.163], [25572963894017.516, -12058986565045.445, -2303927165186.7046, 1.7597473564441528e+21, 3075096640234.6577, -7763683689818.163, 2.9687458445685694e+19]]
sigma_dmeff
from cov matrix =
5.286885258872918e-10
2-sigma =
8.225445473231201e-10