n-power=
6
dm_mass=
100
stepsize =
1.5e-12
fisher matrix =
[[284215060.8983413, -61094387.84016007, -18903177.1194926, 665109036027635.8, 2924212.1504202657, -3007346.334278475, 273163659939492.56], [-61094387.84016007, 33624612.86144787, 7558534.359166397, -1284417718591223.8, -1298655.5783345166, 5676736.9997878205, -129059190595476.77], [-18903177.1194926, 7558534.359166397, 1960802.904867942, -178384855359572.53, -308658.48982486594, 782924.6050764164, -24603395442270.523], [665109036027635.5, -1284417718591223.5, -178384855359572.5, 1.7644174894876208e+23, 181959839134226.9, -774411176370950.0, 1.8910550563962074e+22], [2924212.1504202657, -1298655.5783345166, -308658.489824866, 181959839134226.88, 404726.2265961257, -808522.3008140078, 32987549457832.89], [-3007346.334278476, 5676736.999787821, 782924.6050764164, -774411176370950.0, -808522.3008140078, 3468677.604188564, -83429475001122.6], [273163659939492.6, -129059190595476.77, -24603395442270.523, 1.8910550563962074e+22, 32987549457832.89, -83429475001122.6, 3.402347237432614e+21]]
sigma_dmeff
from cov matrix =
5.030392761650813e-11
2-sigma =
7.824426489992465e-11