n-power=
6
dm_mass=
10
stepsize =
2e-13
fisher matrix =
[[284215060.8983413, -61094387.84016007, -18903177.1194926, 665109036027635.8, 2924212.1504202657, -3007346.334278475, 2554175793603041.0], [-61094387.84016007, 33624612.86144787, 7558534.359166397, -1284417718591223.8, -1298655.5783345166, 5676736.9997878205, -1199930857627980.2], [-18903177.1194926, 7558534.359166397, 1960802.904867942, -178384855359572.53, -308658.48982486594, 782924.6050764164, -229515078583688.5], [665109036027635.5, -1284417718591223.5, -178384855359572.5, 1.7644174894876208e+23, 181959839134226.9, -774411176370950.0, 1.7501190419365783e+23], [2924212.1504202657, -1298655.5783345166, -308658.489824866, 181959839134226.88, 404726.2265961257, -808522.3008140078, 306037815019545.3], [-3007346.334278476, 5676736.999787821, 782924.6050764164, -774411176370950.0, -808522.3008140078, 3468677.604188564, -772130984208526.5], [2554175793603041.0, -1199930857627980.2, -229515078583688.47, 1.7501190419365783e+23, 306037815019545.3, -772130984208526.6, 2.9443885175291235e+23]]
sigma_dmeff
from cov matrix =
5.282675000285332e-12
2-sigma =
8.21300859320352e-12