n-power=
6
dm_mass=
1e-05
stepsize =
5e-23
fisher matrix =
[[284215060.8983413, -61094387.84016007, -18903177.1194926, 665109036027635.8, 2924212.1504202657, -3007346.334278475, 2.504288760594538e+24], [-61094387.84016007, 33624612.86144787, 7558534.359166397, -1284417718591223.8, -1298655.5783345166, 5676736.9997878205, -1.392019638975307e+24], [-18903177.1194926, 7558534.359166397, 1960802.904867942, -178384855359572.53, -308658.48982486594, 782924.6050764164, -2.2602189664566e+23], [665109036027635.5, -1284417718591223.5, -178384855359572.5, 1.7644174894876208e+23, 181959839134226.9, -774411176370950.0, 2.1320402047567037e+32], [2924212.1504202657, -1298655.5783345166, -308658.489824866, 181959839134226.88, 404726.2265961257, -808522.3008140078, 3.8175766020394024e+23], [-3007346.334278476, 5676736.999787821, 782924.6050764164, -774411176370950.0, -808522.3008140078, 3468677.604188564, -9.50893617250317e+23], [2.5042887605945376e+24, -1.392019638975307e+24, -2.2602189664566003e+23, 2.1320402047567037e+32, 3.8175766020394024e+23, -9.50893617250317e+23, 6.583702078022127e+41]]
sigma_dmeff
from cov matrix =
2.1648352411373885e-21
2-sigma =
3.3685810081786746e-21