n-power=
6
dm_mass=
1
stepsize =
5e-14
fisher matrix =
[[284215060.8983413, -61094387.84016007, -18903177.1194926, 665109036027635.8, 2924212.1504202657, -3007346.334278475, 2.1641265025023044e+16], [-61094387.84016007, 33624612.86144787, 7558534.359166397, -1284417718591223.8, -1298655.5783345166, 5676736.9997878205, -1.0247711330839346e+16], [-18903177.1194926, 7558534.359166397, 1960802.904867942, -178384855359572.53, -308658.48982486594, 782924.6050764164, -1964704522992247.8], [665109036027635.5, -1284417718591223.5, -178384855359572.5, 1.7644174894876208e+23, 181959839134226.9, -774411176370950.0, 1.4783465982816773e+24], [2924212.1504202657, -1298655.5783345166, -308658.489824866, 181959839134226.88, 404726.2265961257, -808522.3008140078, 2573154107627121.0], [-3007346.334278476, 5676736.999787821, 782924.6050764164, -774411176370950.0, -808522.3008140078, 3468677.604188564, -6521286608964149.0], [2.1641265025023044e+16, -1.0247711330839346e+16, -1964704522992247.8, 1.4783465982816773e+24, 2573154107627121.0, -6521286608964150.0, 2.060950673241034e+25]]
sigma_dmeff
from cov matrix =
6.560168536799748e-13
2-sigma =
1.0203461476514636e-12