n-power=
6
dm_mass=
0.001
stepsize =
1e-17
fisher matrix =
[[256408272950.26617, -29776549071.214054, -7416738501.042623, 8.808098368045568e+17, 3427279208.487855, -4227798342.5772457, 1.2235358940216861e+24], [-29776549071.214054, 8336898420.748733, 1027968923.2754356, 4034985913370444.0, 102969108.58384988, 419151935.7656708, -1.3192862801335667e+24], [-7416738501.042623, 1027968923.2754356, 357859754.7130781, -3.211606473277805e+16, -128378167.88137218, 116687391.17309257, 6.750810531496652e+22], [8.808098368045568e+17, 4034985913370439.0, -3.2116064732778052e+16, 7.747932644628576e+24, 2.952788056410754e+16, -2.2729099884760372e+16, -3.2007787850642217e+31], [3427279208.487855, 102969108.58384992, -128378167.88137218, 2.952788056410754e+16, 122740774.59007269, -77724389.43780631, -1.6210445024349822e+23], [-4227798342.5772457, 419151935.7656708, 116687391.17309257, -2.2729099884760372e+16, -77724389.43780631, 100287277.35765791, -3.9913765553829325e+21], [1.2235358940216861e+24, -1.3192862801335667e+24, 6.750810531496652e+22, -3.2007787850642217e+31, -1.6210445024349822e+23, -3.991376555382933e+21, 5.4372097424286614e+38]]
sigma_dmeff
from cov matrix =
1.1700975907673453e-19
2-sigma =
2.9018420251030165e-19
2-sigma zack's method =
