n-power=
6
dm_mass=
0.0001
stepsize =
1e-19
fisher matrix =
[[256408272950.26617, -29776549071.214054, -7416738501.042623, 8.808098368045568e+17, 3427279208.487855, -4227798342.5772457, 1.4058789515300522e+26], [-29776549071.214054, 8336898420.748733, 1027968923.2754356, 4034985913370444.0, 102969108.58384988, 419151935.7656708, -1.5353121276121165e+26], [-7416738501.042623, 1027968923.2754356, 357859754.7130781, -3.211606473277805e+16, -128378167.88137218, 116687391.17309257, 7.927849648680787e+24], [8.808098368045568e+17, 4034985913370439.0, -3.2116064732778052e+16, 7.747932644628576e+24, 2.952788056410754e+16, -2.2729099884760372e+16, -3.7392115967257724e+33], [3427279208.487855, 102969108.58384992, -128378167.88137218, 2.952788056410754e+16, 122740774.59007269, -77724389.43780631, -1.8925877564904816e+25], [-4227798342.5772457, 419151935.7656708, 116687391.17309257, -2.2729099884760372e+16, -77724389.43780631, 100287277.35765791, -4.250384777209553e+23], [1.4058789515300522e+26, -1.5353121276121165e+26, 7.927849648680787e+24, -3.7392115967257724e+33, -1.8925877564904816e+25, -4.250384777209553e+23, 7.388294160127409e+42]]
sigma_dmeff
from cov matrix =
1.0024324003057767e-21
2-sigma =
2.4860323527583263e-21
2-sigma zack's method =
1.5604970719352737e-21