n-power=
6
dm_mass=
0.01
stepsize =
2e-16
fisher matrix =
[[256408272950.26617, -29776549071.214054, -7416738501.042623, 8.808098368045568e+17, 3427279208.487855, -4227798342.5772457, 6.882835399360882e+22], [-29776549071.214054, 8336898420.748733, 1027968923.2754356, 4034985913370444.0, 102969108.58384988, 419151935.7656708, -7.4040688660345914e+22], [-7416738501.042623, 1027968923.2754356, 357859754.7130781, -3.211606473277805e+16, -128378167.88137218, 116687391.17309257, 3.7783446872409233e+21], [8.808098368045568e+17, 4034985913370439.0, -3.2116064732778052e+16, 7.747932644628576e+24, 2.952788056410754e+16, -2.2729099884760372e+16, -1.794559169386504e+30], [3427279208.487855, 102969108.58384992, -128378167.88137218, 2.952788056410754e+16, 122740774.59007269, -77724389.43780631, -9.085649176834188e+21], [-4227798342.5772457, 419151935.7656708, 116687391.17309257, -2.2729099884760372e+16, -77724389.43780631, 100287277.35765791, -2.2953670786541994e+20], [6.882835399360882e+22, -7.4040688660345914e+22, 3.7783446872409233e+21, -1.794559169386504e+30, -9.085649176834188e+21, -2.2953670786541997e+20, 1.7037515477400992e+36]]
sigma_dmeff
from cov matrix =
2.1115539621471135e-18
2-sigma =
5.2366538261248415e-18
2-sigma zack's method =
