n-power=
6
dm_mass=
1e-05
stepsize =
5e-23
fisher matrix =
[[256408272950.26617, -29776549071.214054, -7416738501.042623, 8.808098368045568e+17, 3427279208.487855, -4227798342.5772457, 2.040621941866431e+29], [-29776549071.214054, 8336898420.748733, 1027968923.2754356, 4034985913370444.0, 102969108.58384988, 419151935.7656708, -2.5063479464862313e+29], [-7416738501.042623, 1027968923.2754356, 357859754.7130781, -3.211606473277805e+16, -128378167.88137218, 116687391.17309257, 1.380069338771516e+28], [8.808098368045568e+17, 4034985913370439.0, -3.2116064732778052e+16, 7.747932644628576e+24, 2.952788056410754e+16, -2.2729099884760372e+16, -6.284105743019585e+36], [3427279208.487855, 102969108.58384992, -128378167.88137218, 2.952788056410754e+16, 122740774.59007269, -77724389.43780631, -3.1572071348763237e+28], [-4227798342.5772457, 419151935.7656708, 116687391.17309257, -2.2729099884760372e+16, -77724389.43780631, 100287277.35765791, -2.083289182982606e+26], [2.040621941866431e+29, -2.5063479464862313e+29, 1.380069338771516e+28, -6.284105743019585e+36, -3.1572071348763237e+28, -2.0832891829826056e+26, 1.9625001461990492e+49]]
sigma_dmeff
from cov matrix =
6.520916335543367e-25
2-sigma =
1.617187251214755e-24
2-sigma zack's method =
1.0144183162038417e-24