n-power=
4
dm_mass=
0.0001
stepsize =
3e-22
fisher matrix =
[[256408272950.26617, -29776549071.214054, -7416738501.042623, 8.808098368045568e+17, 3427279208.487855, -4227798342.5772457, 5.366512140750496e+28], [-29776549071.214054, 8336898420.748733, 1027968923.2754356, 4034985913370444.0, 102969108.58384988, 419151935.7656708, -5.824038553836502e+28], [-7416738501.042623, 1027968923.2754356, 357859754.7130781, -3.211606473277805e+16, -128378167.88137218, 116687391.17309257, 2.990479575737044e+27], [8.808098368045568e+17, 4034985913370439.0, -3.2116064732778052e+16, 7.747932644628576e+24, 2.952788056410754e+16, -2.2729099884760372e+16, -1.4154323222293295e+36], [3427279208.487855, 102969108.58384992, -128378167.88137218, 2.952788056410754e+16, 122740774.59007269, -77724389.43780631, -7.161352588643577e+27], [-4227798342.5772457, 419151935.7656708, 116687391.17309257, -2.2729099884760372e+16, -77724389.43780631, 100287277.35765791, -1.7018580136772966e+26], [5.366512140750496e+28, -5.824038553836502e+28, 2.990479575737044e+27, -1.4154323222293295e+36, -7.161352588643577e+27, -1.7018580136772966e+26, 1.0546268656720532e+48]]
sigma_dmeff
from cov matrix =
2.693371102428385e-24
2-sigma =
6.679560334022395e-24
2-sigma zack's method =
4.192396484715815e-24