n-power=
4
dm_mass=
1000
stepsize =
4e-15
fisher matrix =
[[256408272950.26617, -29776549071.214054, -7416738501.042623, 8.808098368045568e+17, 3427279208.487855, -4227798342.5772457, 1.7301545368652486e+21], [-29776549071.214054, 8336898420.748733, 1027968923.2754356, 4034985913370444.0, 102969108.58384988, 419151935.7656708, -1.9198028293037666e+21], [-7416738501.042623, 1027968923.2754356, 357859754.7130781, -3.211606473277805e+16, -128378167.88137218, 116687391.17309257, 9.94656819210002e+19], [8.808098368045568e+17, 4034985913370439.0, -3.2116064732778052e+16, 7.747932644628576e+24, 2.952788056410754e+16, -2.2729099884760372e+16, -4.685767476380512e+28], [3427279208.487855, 102969108.58384992, -128378167.88137218, 2.952788056410754e+16, 122740774.59007269, -77724389.43780631, -2.3675487076027502e+20], [-4227798342.5772457, 419151935.7656708, 116687391.17309257, -2.2729099884760372e+16, -77724389.43780631, 100287277.35765791, -5.063101263565795e+18], [1.7301545368652486e+21, -1.9198028293037666e+21, 9.94656819210002e+19, -4.685767476380512e+28, -2.3675487076027502e+20, -5.063101263565795e+18, 1.13991547390479e+33]]
sigma_dmeff
from cov matrix =
8.35245871632071e-17
2-sigma =
2.0714097616475362e-16
2-sigma zack's method =
