n-power=
4
dm_mass=
1e-05
stepsize =
5e-24
fisher matrix =
[[256408272950.26617, -29776549071.214054, -7416738501.042623, 8.808098368045568e+17, 3427279208.487855, -4227798342.5772457, 5.089510227522276e+30], [-29776549071.214054, 8336898420.748733, 1027968923.2754356, 4034985913370444.0, 102969108.58384988, 419151935.7656708, -5.718222548227814e+30], [-7416738501.042623, 1027968923.2754356, 357859754.7130781, -3.211606473277805e+16, -128378167.88137218, 116687391.17309257, 2.9988301842660144e+29], [8.808098368045568e+17, 4034985913370439.0, -3.2116064732778052e+16, 7.747932644628576e+24, 2.952788056410754e+16, -2.2729099884760372e+16, -1.4032980583735264e+38], [3427279208.487855, 102969108.58384992, -128378167.88137218, 2.952788056410754e+16, 122740774.59007269, -77724389.43780631, -7.076134199013553e+29], [-4227798342.5772457, 419151935.7656708, 116687391.17309257, -2.2729099884760372e+16, -77724389.43780631, 100287277.35765791, -1.3124715073923294e+28], [5.089510227522276e+30, -5.718222548227814e+30, 2.9988301842660144e+29, -1.4032980583735264e+38, -7.076134199013553e+29, -1.3124715073923294e+28, 1.009810230262288e+52]]
sigma_dmeff
from cov matrix =
2.845213883449973e-26
2-sigma =
7.056130430955932e-26
2-sigma zack's method =
4.4286494752150414e-26